[gd_scene load_steps=6 format=2]

[ext_resource path="res://Buildings/Furnitures/Stockpile.gd" type="Script" id=1]
[ext_resource path="res://Assets/Models/Crate/crate.glb" type="PackedScene" id=2]
[ext_resource path="res://Assets/Models/Pallet/pallet.tscn" type="PackedScene" id=3]
[ext_resource path="res://Assets/Models/Bucket/bucket.tscn" type="PackedScene" id=4]

[sub_resource type="BoxShape" id=2]
extents = Vector3( 0.25, 0.2, 0.25 )

[node name="Stockpile" type="Spatial"]
script = ExtResource( 1 )
cargo_type = "Vegetable"

[node name="PaletteStaticBody" type="StaticBody" parent="."]
input_ray_pickable = false

[node name="CollisionShape" type="CollisionShape" parent="PaletteStaticBody"]
transform = Transform( 2, 0, 0, 0, 1, 0, 0, 0, 2, 0, 0, 0 )
shape = SubResource( 2 )

[node name="pallet" parent="PaletteStaticBody" instance=ExtResource( 3 )]

[node name="Crates" type="Spatial" parent="."]

[node name="crate1" parent="Crates" instance=ExtResource( 2 )]
transform = Transform( 0.985553, 0, -0.169367, 0, 1, 0, 0.169367, 0, 0.985553, -0.196609, 0.17, -0.0902465 )
visible = false

[node name="crate2" parent="Crates" instance=ExtResource( 2 )]
transform = Transform( 0.966205, 0, -0.257774, 0, 1, 0, 0.257774, 0, 0.966205, 0.227358, 0.17, 0.172392 )
visible = false

[node name="crate3" parent="Crates" instance=ExtResource( 2 )]
transform = Transform( 0.920594, 0, 0.390522, 0, 1, 0, -0.390522, 0, 0.920594, 0.00542337, 0.596572, 0.0576297 )
visible = false

[node name="Buckets" type="Spatial" parent="."]

[node name="bucket1" parent="Buckets" instance=ExtResource( 4 )]
transform = Transform( 1, 0, 0, 0, 1, 0, 0, 0, 1, -0.180424, 0.185648, -0.138778 )
visible = false

[node name="bucket2" parent="Buckets" instance=ExtResource( 4 )]
transform = Transform( 1, 0, 0, 0, 1, 0, 0, 0, 1, 0.222532, 0.185648, -0.068827 )
visible = false

[node name="bucket3" parent="Buckets" instance=ExtResource( 4 )]
transform = Transform( 1, 0, 0, 0, 1, 0, 0, 0, 1, -0.0239902, 0.185648, 0.187534 )
visible = false

[connection signal="input_event" from="PaletteStaticBody" to="." method="_on_StaticBody_input_event"]
[connection signal="mouse_entered" from="PaletteStaticBody" to="." method="_on_StaticBody_mouse_entered"]
[connection signal="mouse_exited" from="PaletteStaticBody" to="." method="_on_StaticBody_mouse_exited"]
